//NOTE: typical output with 0-3 V, 1,000 Hz sine wave captured from HyperTerminal

Sample frequency (Hz): 8000
Number of samples: 64
Press ENTER to begin sampling.
914	664	327	97	110	355	695	926	913	667	326	82	110	356	697	926	913	664	326	96	111	357	697	925	912	664	328	101	110	358	695	925	914	664	325	98	108	363	697	926	913	665	326	98	109	357	696	926	914	664	325	98	110	358	696	927	913	663	325	96	110	358	696	925

Sample frequency (Hz): 8000
Number of samples: 64
Press ENTER to begin sampling.
310	647	905	931	715	377	117	91	309	646	903	932	712	375	121	88	308	645	905	932	713	376	112	90	308	646	905	934	713	373	116	89	309	647	905	933	709	375	117	92	310	646	906	932	713	376	118	89	309	646	906	931	711	376	120	89	311	647	905	932	712	374	117	92

Sample frequency (Hz): 8000
Number of samples: 64
Press ENTER to begin sampling.
417	141	81	269	603	883	943	751	417	138	81	270	605	881	943	751	418	139	80	271	604	882	942	749	418	140	78	270	603	884	942	751	416	141	81	271	604	882	943	751	418	151	79	272	604	884	943	750	417	139	80	272	604	883	943	752	417	140	79	271	607	882	942	748

//NOTE: typical output with 0-3 V, 250 Hz sine wave captured from HyperTerminal

Sample frequency (Hz): 8000
Number of samples: 64
Press ENTER to begin sampling.
108	153	211	280	359	445	530	617	697	772	836	889	927	949	955	939	914	867	808	741	663	581	493	406	324	251	186	134	97	74	71	80	111	157	214	283	359	442	530	617	697	772	835	890	926	947	953	940	912	869	809	741	662	579	492	405	324	249	187	135	96	75	70	81

Sample frequency (Hz): 8000
Number of samples: 64
Press ENTER to begin sampling.
157	211	280	358	441	528	613	695	772	836	888	927	949	953	942	913	869	810	741	664	578	493	407	324	251	185	131	99	76	69	81	112	156	212	281	358	442	528	615	697	772	834	890	925	948	955	941	913	869	811	741	664	579	493	407	326	249	184	136	96	75	43	83	109

Sample frequency (Hz): 8000
Number of samples: 64
Press ENTER to begin sampling.
908	863	805	735	656	571	485	400	320	243	183	131	96	76	70	82	114	159	216	286	365	450	534	622	703	777	840	890	927	950	953	941	909	863	807	735	658	573	486	400	319	246	182	131	93	72	71	83	113	158	217	285	365	450	536	623	702	777	839	892	931	949	954	940

Sample frequency (Hz): 8000
Number of samples: 64
Press ENTER to begin sampling.
